// Generated using In-game Timecyc Editor 1.8 written by fastman92
// Visit fastman92-site.tk

//////////// EXTRASUNNY_LA
//Amb			Amb_Obj	Dir			Sky top			Sky bot		SunCore		SunCorona	SunSz	SprSz	SprBght	Shdw	LightShd	PoleShd	FarClp	FogSt	LightOnGround	LowCloudsRGB	BottomCloudRGB	WaterRGBA			Alpha1	RGB1			Alpha2	RGB2		CloudAlpha		Illumination
//Midnight
64 64 64	205 205 205	255 255 255	0 0 0	9 9 9	255 149 43	255 176 98	3.2 0.3 0.4 181 100 0 1200 789 2	0 0 0	0 0 0	63 63 63 255	127 0 0 0	127 0 0 0	0 0 0 0
//5AM
231 231 231	255 255 255	255 255 255	104 104 104	77 77 77	255 177 100	255 177 100	0.1 1.2 0.3 181 90 0 1200 785 0.5	0 0 0	0 0 0	17 49 63 255	127 0 0 0	127 0 0 0	0 0 0 0
//6AM
255 255 255	255 255 255	255 255 255	96 96 96	95 95 95	248 255 251	0 0 0	0.1 0.6 0.2 181 109 0 1203 784 0.5	0 0 0	0 0 0	63 87 127 255	127 0 0 0	127 0 0 0	0 0 0 0
//7AM
255 255 255	255 255 255	255 255 255	96 96 96	98 98 98	255 209 164	0 0 0	0.1 1 0.3 181 255 255 1203 780 0.5	0 0 0	0 0 0	42 91 127 255	127 0 0 0	127 0 0 0	0 0 0 0
//Midday
255 255 255	255 255 255	255 255 255	86 86 86	96 96 96	0 0 0	0 0 0	0.2 1 0.3 181 255 255 1201 793 0.5	0 0 0	0 0 0	25 58 76 255	127 0 0 0	127 0 0 0	0 0 0 0
//7PM
255 255 255	255 255 255	255 255 255	96 96 96	98 98 98	0 0 0	255 138 51	0.1 0.5 0.2 180 255 255 1200 798 0.8	0 0 0	0 0 0	49 88 127 255	127 0 0 0	127 0 0 0	0 0 0 0
//8PM
154 154 154	255 255 255	255 255 255	69 83 85	115 128 129	0 0 0	255 163 70	8.8 0.6 0.3 181 80 0 1200 790 1	0 0 0	0 0 0	40 86 127 255	127 0 0 0	127 0 0 0	0 0 0 0
//10PM
89 89 89	255 255 255	255 255 255	91 91 91	39 39 39	255 128 0	254 196 73	1 0.4 0.2 181 100 0 1200 788 1	0 0 0	0 0 0	58 58 58 255	127 0 0 0	127 0 0 0	0 0 0 0
//
//////////// SUNNY_LA
//Amb			Amb_Obj	Dir			Sky top			Sky bot		SunCore		SunCorona	SunSz	SprSz	SprBght	Shdw	LightShd	PoleShd	FarClp	FogSt	LightOnGround	LowCloudsRGB	BottomCloudRGB	WaterRGBA			Alpha1	RGB1			Alpha2	RGB2		CloudAlpha		Illumination
//Midnight
64 64 64	205 205 205	255 255 255	0 0 0	9 9 9	255 149 43	255 176 98	3.2 0.3 0.4 181 100 0 1200 789 2	0 0 0	0 0 0	63 63 63 255	127 0 0 0	127 0 0 0	0 0 0 0
//5AM
231 231 231	255 255 255	255 255 255	104 104 104	77 77 77	255 177 100	255 177 100	0.1 1.2 0.3 181 90 0 1200 785 0.5	0 0 0	0 0 0	17 49 63 255	127 0 0 0	127 0 0 0	0 0 0 0
//6AM
255 255 255	255 255 255	255 255 255	96 96 96	95 95 95	248 255 251	0 0 0	0.1 0.6 0.2 181 109 0 1203 784 0.5	0 0 0	0 0 0	63 87 127 255	127 0 0 0	127 0 0 0	0 0 0 0
//7AM
255 255 255	255 255 255	255 255 255	96 96 96	98 98 98	255 209 164	0 0 0	0.1 1 0.3 181 255 255 1203 780 0.5	0 0 0	0 0 0	42 91 127 255	127 0 0 0	127 0 0 0	0 0 0 0
//Midday
255 255 255	255 255 255	255 255 255	86 86 86	96 96 96	0 0 0	0 0 0	0.2 1 0.3 181 255 255 1201 793 0.5	0 0 0	0 0 0	25 58 76 255	127 0 0 0	127 0 0 0	0 0 0 0
//7PM
255 255 255	255 255 255	255 255 255	96 96 96	98 98 98	0 0 0	255 138 51	0.1 0.5 0.2 180 255 255 1200 798 0.8	0 0 0	0 0 0	49 88 127 255	127 0 0 0	127 0 0 0	0 0 0 0
//8PM
154 154 154	255 255 255	255 255 255	69 83 85	115 128 129	0 0 0	255 163 70	8.8 0.6 0.3 181 80 0 1200 790 1	0 0 0	0 0 0	40 86 127 255	127 0 0 0	127 0 0 0	0 0 0 0
//10PM
89 89 89	255 255 255	255 255 255	91 91 91	39 39 39	255 128 0	254 196 73	1 0.4 0.2 181 100 0 1200 788 1	0 0 0	0 0 0	58 58 58 255	127 0 0 0	127 0 0 0	0 0 0 0
//
//////////// EXTRASUNNY_SMOG_LA
//Amb			Amb_Obj	Dir			Sky top			Sky bot		SunCore		SunCorona	SunSz	SprSz	SprBght	Shdw	LightShd	PoleShd	FarClp	FogSt	LightOnGround	LowCloudsRGB	BottomCloudRGB	WaterRGBA			Alpha1	RGB1			Alpha2	RGB2		CloudAlpha		Illumination
//Midnight
64 64 64	205 205 205	255 255 255	0 0 0	9 9 9	255 149 43	255 176 98	3.2 0.3 0.4 181 100 0 1200 789 2	0 0 0	0 0 0	63 63 63 255	127 0 0 0	127 0 0 0	0 0 0 0
//5AM
231 231 231	255 255 255	255 255 255	104 104 104	77 77 77	255 177 100	255 177 100	0.1 1.2 0.3 181 90 0 1200 785 0.5	0 0 0	0 0 0	17 49 63 255	127 0 0 0	127 0 0 0	0 0 0 0
//6AM
255 255 255	255 255 255	255 255 255	96 96 96	95 95 95	248 255 251	0 0 0	0.1 0.6 0.2 181 109 0 1203 784 0.5	0 0 0	0 0 0	63 87 127 255	127 0 0 0	127 0 0 0	0 0 0 0
//7AM
255 255 255	255 255 255	255 255 255	96 96 96	98 98 98	255 209 164	0 0 0	0.1 1 0.3 181 255 255 1203 780 0.5	0 0 0	0 0 0	42 91 127 255	127 0 0 0	127 0 0 0	0 0 0 0
//Midday
255 255 255	255 255 255	255 255 255	86 86 86	96 96 96	0 0 0	0 0 0	0.2 1 0.3 181 255 255 1201 793 0.5	0 0 0	0 0 0	25 58 76 255	127 0 0 0	127 0 0 0	0 0 0 0
//7PM
255 255 255	255 255 255	255 255 255	96 96 96	98 98 98	0 0 0	255 138 51	0.1 0.5 0.2 180 255 255 1200 798 0.8	0 0 0	0 0 0	49 88 127 255	127 0 0 0	127 0 0 0	0 0 0 0
//8PM
154 154 154	255 255 255	255 255 255	69 83 85	115 128 129	0 0 0	255 163 70	8.8 0.6 0.3 181 80 0 1200 790 1	0 0 0	0 0 0	40 86 127 255	127 0 0 0	127 0 0 0	0 0 0 0
//10PM
89 89 89	255 255 255	255 255 255	91 91 91	39 39 39	255 128 0	254 196 73	1 0.4 0.2 181 100 0 1200 788 1	0 0 0	0 0 0	58 58 58 255	127 0 0 0	127 0 0 0	0 0 0 0
//
//////////// SUNNY_SMOG_LA
//Amb			Amb_Obj	Dir			Sky top			Sky bot		SunCore		SunCorona	SunSz	SprSz	SprBght	Shdw	LightShd	PoleShd	FarClp	FogSt	LightOnGround	LowCloudsRGB	BottomCloudRGB	WaterRGBA			Alpha1	RGB1			Alpha2	RGB2		CloudAlpha		Illumination
//Midnight
64 64 64	205 205 205	255 255 255	0 0 0	9 9 9	255 149 43	255 176 98	3.2 0.3 0.4 181 100 0 1200 789 2	0 0 0	0 0 0	63 63 63 255	127 0 0 0	127 0 0 0	0 0 0 0
//5AM
231 231 231	255 255 255	255 255 255	104 104 104	77 77 77	255 177 100	255 177 100	0.1 1.2 0.3 181 90 0 1200 785 0.5	0 0 0	0 0 0	17 49 63 255	127 0 0 0	127 0 0 0	0 0 0 0
//6AM
255 255 255	255 255 255	255 255 255	96 96 96	95 95 95	248 255 251	0 0 0	0.1 0.6 0.2 181 109 0 1203 784 0.5	0 0 0	0 0 0	63 87 127 255	127 0 0 0	127 0 0 0	0 0 0 0
//7AM
255 255 255	255 255 255	255 255 255	96 96 96	98 98 98	255 209 164	0 0 0	0.1 1 0.3 181 255 255 1203 780 0.5	0 0 0	0 0 0	42 91 127 255	127 0 0 0	127 0 0 0	0 0 0 0
//Midday
255 255 255	255 255 255	255 255 255	86 86 86	96 96 96	0 0 0	0 0 0	0.2 1 0.3 181 255 255 1201 793 0.5	0 0 0	0 0 0	25 58 76 255	127 0 0 0	127 0 0 0	0 0 0 0
//7PM
255 255 255	255 255 255	255 255 255	96 96 96	98 98 98	0 0 0	255 138 51	0.1 0.5 0.2 180 255 255 1200 798 0.8	0 0 0	0 0 0	49 88 127 255	127 0 0 0	127 0 0 0	0 0 0 0
//8PM
154 154 154	255 255 255	255 255 255	69 83 85	115 128 129	0 0 0	255 163 70	8.8 0.6 0.3 181 80 0 1200 790 1	0 0 0	0 0 0	40 86 127 255	127 0 0 0	127 0 0 0	0 0 0 0
//10PM
89 89 89	255 255 255	255 255 255	91 91 91	39 39 39	255 128 0	254 196 73	1 0.4 0.2 181 100 0 1200 788 1	0 0 0	0 0 0	58 58 58 255	127 0 0 0	127 0 0 0	0 0 0 0
//
//////////// CLOUDY_LA
//Amb			Amb_Obj	Dir			Sky top			Sky bot		SunCore		SunCorona	SunSz	SprSz	SprBght	Shdw	LightShd	PoleShd	FarClp	FogSt	LightOnGround	LowCloudsRGB	BottomCloudRGB	WaterRGBA			Alpha1	RGB1			Alpha2	RGB2		CloudAlpha		Illumination
//Midnight
64 64 64	229 229 229	255 255 255	17 17 17	15 15 15	255 149 43	255 176 98	3.2 0.3 0.4 200 100 0 653 20 2	0 0 0	0 0 0	58 58 58 255	127 0 0 0	127 0 0 0	0 0 0 0
//5AM
205 205 205	255 255 255	255 255 255	79 79 79	27 27 27	255 177 100	255 177 100	0.1 1.2 0.3 183 90 0 652 21 0.5	0 0 0	0 0 0	73 73 73 254	127 0 0 0	127 0 0 0	0 0 0 0
//6AM
255 255 255	255 255 255	255 255 255	90 90 90	28 28 28	248 255 251	0 0 0	0.1 0.6 0.2 182 109 0 653 23 0.5	0 0 0	0 0 0	104 104 104 255	127 0 0 0	127 0 0 0	0 0 0 0
//7AM
255 255 255	255 255 255	255 255 255	104 104 104	51 51 51	255 209 164	0 0 0	0.1 1 0.3 185 255 255 651 21 0.5	0 0 0	0 0 0	127 127 127 255	127 0 0 0	127 0 0 0	0 0 0 0
//Midday
255 255 255	255 255 255	255 255 255	105 105 105	53 53 53	255 219 209	0 0 0	0.3 1 0.3 182 255 255 650 20 0.5	0 0 0	0 0 0	155 155 155 255	127 0 0 0	127 0 0 0	0 0 0 0
//7PM
255 255 255	255 255 255	255 255 255	90 90 90	28 28 28	0 0 0	255 138 51	0.1 0.5 0.2 186 255 255 656 20 0.8	0 0 0	0 0 0	155 155 155 255	127 0 0 0	127 0 0 0	0 0 0 0
//8PM
204 202 202	255 255 255	255 255 255	85 85 85	28 28 28	0 0 0	255 163 70	8.8 0.6 0.3 181 80 0 651 21 1	0 0 0	0 0 0	155 155 155 255	127 0 0 0	127 0 0 0	0 0 0 0
//10PM
181 181 181	255 255 255	255 255 255	91 91 91	27 27 27	255 128 0	254 196 73	1 0.4 0.2 202 100 0 651 22 1	0 0 0	0 0 0	51 51 51 255	127 0 0 0	127 0 0 0	0 0 0 0
//
//////////// SUNNY_SF
//Amb			Amb_Obj	Dir			Sky top			Sky bot		SunCore		SunCorona	SunSz	SprSz	SprBght	Shdw	LightShd	PoleShd	FarClp	FogSt	LightOnGround	LowCloudsRGB	BottomCloudRGB	WaterRGBA			Alpha1	RGB1			Alpha2	RGB2		CloudAlpha		Illumination
//Midnight
64 64 64	205 205 205	255 255 255	0 0 0	9 9 9	255 149 43	255 176 98	3.2 0.3 0.4 181 100 0 1200 789 2	0 0 0	0 0 0	63 63 63 255	127 0 0 0	127 0 0 0	0 0 0 0
//5AM
231 231 231	255 255 255	255 255 255	104 104 104	77 77 77	255 177 100	255 177 100	0.1 1.2 0.3 181 90 0 1200 785 0.5	0 0 0	0 0 0	17 49 63 255	127 0 0 0	127 0 0 0	0 0 0 0
//6AM
255 255 255	255 255 255	255 255 255	96 96 96	95 95 95	248 255 251	0 0 0	0.1 0.6 0.2 181 109 0 1203 784 0.5	0 0 0	0 0 0	63 87 127 255	127 0 0 0	127 0 0 0	0 0 0 0
//7AM
255 255 255	255 255 255	255 255 255	96 96 96	98 98 98	255 209 164	0 0 0	0.1 1 0.3 181 255 255 1203 780 0.5	0 0 0	0 0 0	42 91 127 255	127 0 0 0	127 0 0 0	0 0 0 0
//Midday
255 255 255	255 255 255	255 255 255	86 86 86	96 96 96	0 0 0	0 0 0	0.2 1 0.3 181 255 255 1201 793 0.5	0 0 0	0 0 0	25 58 76 255	127 0 0 0	127 0 0 0	0 0 0 0
//7PM
255 255 255	255 255 255	255 255 255	96 96 96	98 98 98	0 0 0	255 138 51	0.1 0.5 0.2 180 255 255 1200 798 0.8	0 0 0	0 0 0	49 88 127 255	127 0 0 0	127 0 0 0	0 0 0 0
//8PM
154 154 154	255 255 255	255 255 255	69 83 85	115 128 129	0 0 0	255 163 70	8.8 0.6 0.3 181 80 0 1200 790 1	0 0 0	0 0 0	40 86 127 255	127 0 0 0	127 0 0 0	0 0 0 0
//10PM
89 89 89	255 255 255	255 255 255	91 91 91	39 39 39	255 128 0	254 196 73	1 0.4 0.2 181 100 0 1200 788 1	0 0 0	0 0 0	58 58 58 255	127 0 0 0	127 0 0 0	0 0 0 0
//
//////////// EXTRASUNNY_SF
//Amb			Amb_Obj	Dir			Sky top			Sky bot		SunCore		SunCorona	SunSz	SprSz	SprBght	Shdw	LightShd	PoleShd	FarClp	FogSt	LightOnGround	LowCloudsRGB	BottomCloudRGB	WaterRGBA			Alpha1	RGB1			Alpha2	RGB2		CloudAlpha		Illumination
//Midnight
64 64 64	205 205 205	255 255 255	0 0 0	9 9 9	255 149 43	255 176 98	3.2 0.3 0.4 181 100 0 1200 789 2	0 0 0	0 0 0	63 63 63 255	127 0 0 0	127 0 0 0	0 0 0 0
//5AM
231 231 231	255 255 255	255 255 255	104 104 104	77 77 77	255 177 100	255 177 100	0.1 1.2 0.3 181 90 0 1200 785 0.5	0 0 0	0 0 0	17 49 63 255	127 0 0 0	127 0 0 0	0 0 0 0
//6AM
255 255 255	255 255 255	255 255 255	96 96 96	95 95 95	248 255 251	0 0 0	0.1 0.6 0.2 181 109 0 1203 784 0.5	0 0 0	0 0 0	63 87 127 255	127 0 0 0	127 0 0 0	0 0 0 0
//7AM
255 255 255	255 255 255	255 255 255	96 96 96	98 98 98	255 209 164	0 0 0	0.1 1 0.3 181 255 255 1203 780 0.5	0 0 0	0 0 0	42 91 127 255	127 0 0 0	127 0 0 0	0 0 0 0
//Midday
255 255 255	255 255 255	255 255 255	86 86 86	96 96 96	0 0 0	0 0 0	0.2 1 0.3 181 255 255 1201 793 0.5	0 0 0	0 0 0	25 58 76 255	127 0 0 0	127 0 0 0	0 0 0 0
//7PM
255 255 255	255 255 255	255 255 255	96 96 96	98 98 98	0 0 0	255 138 51	0.1 0.5 0.2 180 255 255 1200 798 0.8	0 0 0	0 0 0	49 88 127 255	127 0 0 0	127 0 0 0	0 0 0 0
//8PM
154 154 154	255 255 255	255 255 255	69 83 85	115 128 129	0 0 0	255 163 70	8.8 0.6 0.3 181 80 0 1200 790 1	0 0 0	0 0 0	40 86 127 255	127 0 0 0	127 0 0 0	0 0 0 0
//10PM
89 89 89	255 255 255	255 255 255	91 91 91	39 39 39	255 128 0	254 196 73	1 0.4 0.2 181 100 0 1200 788 1	0 0 0	0 0 0	58 58 58 255	127 0 0 0	127 0 0 0	0 0 0 0
//
//////////// CLOUDY_SF
//Amb			Amb_Obj	Dir			Sky top			Sky bot		SunCore		SunCorona	SunSz	SprSz	SprBght	Shdw	LightShd	PoleShd	FarClp	FogSt	LightOnGround	LowCloudsRGB	BottomCloudRGB	WaterRGBA			Alpha1	RGB1			Alpha2	RGB2		CloudAlpha		Illumination
//Midnight
64 64 64	229 229 229	255 255 255	17 17 17	15 15 15	255 149 43	255 176 98	3.2 0.3 0.4 200 100 0 653 20 2	0 0 0	0 0 0	58 58 58 255	127 0 0 0	127 0 0 0	0 0 0 0
//5AM
205 205 205	255 255 255	255 255 255	79 79 79	27 27 27	255 177 100	255 177 100	0.1 1.2 0.3 183 90 0 652 21 0.5	0 0 0	0 0 0	73 73 73 254	127 0 0 0	127 0 0 0	0 0 0 0
//6AM
255 255 255	255 255 255	255 255 255	90 90 90	28 28 28	248 255 251	0 0 0	0.1 0.6 0.2 182 109 0 653 23 0.5	0 0 0	0 0 0	104 104 104 255	127 0 0 0	127 0 0 0	0 0 0 0
//7AM
255 255 255	255 255 255	255 255 255	104 104 104	51 51 51	255 209 164	0 0 0	0.1 1 0.3 185 255 255 651 21 0.5	0 0 0	0 0 0	127 127 127 255	127 0 0 0	127 0 0 0	0 0 0 0
//Midday
255 255 255	255 255 255	255 255 255	105 105 105	53 53 53	255 219 209	0 0 0	0.3 1 0.3 182 255 255 650 20 0.5	0 0 0	0 0 0	155 155 155 255	127 0 0 0	127 0 0 0	0 0 0 0
//7PM
255 255 255	255 255 255	255 255 255	90 90 90	28 28 28	0 0 0	255 138 51	0.1 0.5 0.2 186 255 255 656 20 0.8	0 0 0	0 0 0	155 155 155 255	127 0 0 0	127 0 0 0	0 0 0 0
//8PM
204 202 202	255 255 255	255 255 255	85 85 85	28 28 28	0 0 0	255 163 70	8.8 0.6 0.3 181 80 0 651 21 1	0 0 0	0 0 0	155 155 155 255	127 0 0 0	127 0 0 0	0 0 0 0
//10PM
181 181 181	255 255 255	255 255 255	91 91 91	27 27 27	255 128 0	254 196 73	1 0.4 0.2 202 100 0 651 22 1	0 0 0	0 0 0	51 51 51 255	127 0 0 0	127 0 0 0	0 0 0 0
//
//////////// RAINY_SF
//Amb			Amb_Obj	Dir			Sky top			Sky bot		SunCore		SunCorona	SunSz	SprSz	SprBght	Shdw	LightShd	PoleShd	FarClp	FogSt	LightOnGround	LowCloudsRGB	BottomCloudRGB	WaterRGBA			Alpha1	RGB1			Alpha2	RGB2		CloudAlpha		Illumination
//Midnight
64 64 64	229 229 229	255 255 255	17 17 17	15 15 15	255 149 43	255 176 98	3.2 0.3 0.4 200 100 0 653 20 2	0 0 0	0 0 0	58 58 58 255	127 0 0 0	127 0 0 0	0 0 0 0
//5AM
205 205 205	255 255 255	255 255 255	79 79 79	27 27 27	255 177 100	255 177 100	0.1 1.2 0.3 183 90 0 652 21 0.5	0 0 0	0 0 0	73 73 73 254	127 0 0 0	127 0 0 0	0 0 0 0
//6AM
255 255 255	255 255 255	255 255 255	90 90 90	28 28 28	248 255 251	0 0 0	0.1 0.6 0.2 182 109 0 653 23 0.5	0 0 0	0 0 0	104 104 104 255	127 0 0 0	127 0 0 0	0 0 0 0
//7AM
255 255 255	255 255 255	255 255 255	104 104 104	51 51 51	255 209 164	0 0 0	0.1 1 0.3 185 255 255 651 21 0.5	0 0 0	0 0 0	127 127 127 255	127 0 0 0	127 0 0 0	0 0 0 0
//Midday
255 255 255	255 255 255	255 255 255	105 105 105	53 53 53	255 219 209	0 0 0	0.3 1 0.3 182 255 255 650 20 0.5	0 0 0	0 0 0	155 155 155 255	127 0 0 0	127 0 0 0	0 0 0 0
//7PM
255 255 255	255 255 255	255 255 255	90 90 90	28 28 28	0 0 0	255 138 51	0.1 0.5 0.2 186 255 255 656 20 0.8	0 0 0	0 0 0	155 155 155 255	127 0 0 0	127 0 0 0	0 0 0 0
//8PM
204 202 202	255 255 255	255 255 255	85 85 85	28 28 28	0 0 0	255 163 70	8.8 0.6 0.3 181 80 0 651 21 1	0 0 0	0 0 0	155 155 155 255	127 0 0 0	127 0 0 0	0 0 0 0
//10PM
181 181 181	255 255 255	255 255 255	91 91 91	27 27 27	255 128 0	254 196 73	1 0.4 0.2 202 100 0 651 22 1	0 0 0	0 0 0	51 51 51 255	127 0 0 0	127 0 0 0	0 0 0 0
//
//////////// FOGGY_SF
//Amb			Amb_Obj	Dir			Sky top			Sky bot		SunCore		SunCorona	SunSz	SprSz	SprBght	Shdw	LightShd	PoleShd	FarClp	FogSt	LightOnGround	LowCloudsRGB	BottomCloudRGB	WaterRGBA			Alpha1	RGB1			Alpha2	RGB2		CloudAlpha		Illumination
//Midnight
64 64 64	229 229 229	255 255 255	17 17 17	15 15 15	255 149 43	255 176 98	3.2 0.3 0.4 200 100 0 653 20 2	0 0 0	0 0 0	58 58 58 255	127 0 0 0	127 0 0 0	0 0 0 0
//5AM
205 205 205	255 255 255	255 255 255	79 79 79	27 27 27	255 177 100	255 177 100	0.1 1.2 0.3 183 90 0 652 21 0.5	0 0 0	0 0 0	73 73 73 254	127 0 0 0	127 0 0 0	0 0 0 0
//6AM
255 255 255	255 255 255	255 255 255	90 90 90	28 28 28	248 255 251	0 0 0	0.1 0.6 0.2 182 109 0 653 23 0.5	0 0 0	0 0 0	104 104 104 255	127 0 0 0	127 0 0 0	0 0 0 0
//7AM
255 255 255	255 255 255	255 255 255	104 104 104	51 51 51	255 209 164	0 0 0	0.1 1 0.3 185 255 255 651 21 0.5	0 0 0	0 0 0	127 127 127 255	127 0 0 0	127 0 0 0	0 0 0 0
//Midday
255 255 255	255 255 255	255 255 255	105 105 105	53 53 53	255 219 209	0 0 0	0.3 1 0.3 182 255 255 650 20 0.5	0 0 0	0 0 0	155 155 155 255	127 0 0 0	127 0 0 0	0 0 0 0
//7PM
255 255 255	255 255 255	255 255 255	90 90 90	28 28 28	0 0 0	255 138 51	0.1 0.5 0.2 186 255 255 656 20 0.8	0 0 0	0 0 0	155 155 155 255	127 0 0 0	127 0 0 0	0 0 0 0
//8PM
204 202 202	255 255 255	255 255 255	85 85 85	28 28 28	0 0 0	255 163 70	8.8 0.6 0.3 181 80 0 651 21 1	0 0 0	0 0 0	155 155 155 255	127 0 0 0	127 0 0 0	0 0 0 0
//10PM
181 181 181	255 255 255	255 255 255	91 91 91	27 27 27	255 128 0	254 196 73	1 0.4 0.2 202 100 0 651 22 1	0 0 0	0 0 0	51 51 51 255	127 0 0 0	127 0 0 0	0 0 0 0
//
//////////// SUNNY_VEGAS
//Amb			Amb_Obj	Dir			Sky top			Sky bot		SunCore		SunCorona	SunSz	SprSz	SprBght	Shdw	LightShd	PoleShd	FarClp	FogSt	LightOnGround	LowCloudsRGB	BottomCloudRGB	WaterRGBA			Alpha1	RGB1			Alpha2	RGB2		CloudAlpha		Illumination
//Midnight
64 64 64	205 205 205	255 255 255	0 0 0	9 9 9	255 149 43	255 176 98	3.2 0.3 0.4 181 100 0 1200 789 2	0 0 0	0 0 0	63 63 63 255	127 0 0 0	127 0 0 0	0 0 0 0
//5AM
231 231 231	255 255 255	255 255 255	104 104 104	77 77 77	255 177 100	255 177 100	0.1 1.2 0.3 181 90 0 1200 785 0.5	0 0 0	0 0 0	17 49 63 255	127 0 0 0	127 0 0 0	0 0 0 0
//6AM
255 255 255	255 255 255	255 255 255	96 96 96	95 95 95	248 255 251	0 0 0	0.1 0.6 0.2 181 109 0 1203 784 0.5	0 0 0	0 0 0	63 87 127 255	127 0 0 0	127 0 0 0	0 0 0 0
//7AM
255 255 255	255 255 255	255 255 255	96 96 96	98 98 98	255 209 164	0 0 0	0.1 1 0.3 181 255 255 1203 780 0.5	0 0 0	0 0 0	42 91 127 255	127 0 0 0	127 0 0 0	0 0 0 0
//Midday
255 255 255	255 255 255	255 255 255	86 86 86	96 96 96	0 0 0	0 0 0	0.2 1 0.3 181 255 255 1201 793 0.5	0 0 0	0 0 0	25 58 76 255	127 0 0 0	127 0 0 0	0 0 0 0
//7PM
255 255 255	255 255 255	255 255 255	96 96 96	98 98 98	0 0 0	255 138 51	0.1 0.5 0.2 180 255 255 1200 798 0.8	0 0 0	0 0 0	49 88 127 255	127 0 0 0	127 0 0 0	0 0 0 0
//8PM
154 154 154	255 255 255	255 255 255	69 83 85	115 128 129	0 0 0	255 163 70	8.8 0.6 0.3 181 80 0 1200 790 1	0 0 0	0 0 0	40 86 127 255	127 0 0 0	127 0 0 0	0 0 0 0
//10PM
89 89 89	255 255 255	255 255 255	91 91 91	39 39 39	255 128 0	254 196 73	1 0.4 0.2 181 100 0 1200 788 1	0 0 0	0 0 0	58 58 58 255	127 0 0 0	127 0 0 0	0 0 0 0
//
//////////// EXTRASUNNY_VEGAS
//Amb			Amb_Obj	Dir			Sky top			Sky bot		SunCore		SunCorona	SunSz	SprSz	SprBght	Shdw	LightShd	PoleShd	FarClp	FogSt	LightOnGround	LowCloudsRGB	BottomCloudRGB	WaterRGBA			Alpha1	RGB1			Alpha2	RGB2		CloudAlpha		Illumination
//Midnight
64 64 64	205 205 205	255 255 255	0 0 0	9 9 9	255 149 43	255 176 98	3.2 0.3 0.4 181 100 0 1200 789 2	0 0 0	0 0 0	63 63 63 255	127 0 0 0	127 0 0 0	0 0 0 0
//5AM
231 231 231	255 255 255	255 255 255	104 104 104	77 77 77	255 177 100	255 177 100	0.1 1.2 0.3 181 90 0 1200 785 0.5	0 0 0	0 0 0	17 49 63 255	127 0 0 0	127 0 0 0	0 0 0 0
//6AM
255 255 255	255 255 255	255 255 255	96 96 96	95 95 95	248 255 251	0 0 0	0.1 0.6 0.2 181 109 0 1203 784 0.5	0 0 0	0 0 0	63 87 127 255	127 0 0 0	127 0 0 0	0 0 0 0
//7AM
255 255 255	255 255 255	255 255 255	96 96 96	98 98 98	255 209 164	0 0 0	0.1 1 0.3 181 255 255 1203 780 0.5	0 0 0	0 0 0	42 91 127 255	127 0 0 0	127 0 0 0	0 0 0 0
//Midday
255 255 255	255 255 255	255 255 255	86 86 86	96 96 96	0 0 0	0 0 0	0.2 1 0.3 181 255 255 1201 793 0.5	0 0 0	0 0 0	25 58 76 255	127 0 0 0	127 0 0 0	0 0 0 0
//7PM
255 255 255	255 255 255	255 255 255	96 96 96	98 98 98	0 0 0	255 138 51	0.1 0.5 0.2 180 255 255 1200 798 0.8	0 0 0	0 0 0	49 88 127 255	127 0 0 0	127 0 0 0	0 0 0 0
//8PM
154 154 154	255 255 255	255 255 255	69 83 85	115 128 129	0 0 0	255 163 70	8.8 0.6 0.3 181 80 0 1200 790 1	0 0 0	0 0 0	40 86 127 255	127 0 0 0	127 0 0 0	0 0 0 0
//10PM
89 89 89	255 255 255	255 255 255	91 91 91	39 39 39	255 128 0	254 196 73	1 0.4 0.2 181 100 0 1200 788 1	0 0 0	0 0 0	58 58 58 255	127 0 0 0	127 0 0 0	0 0 0 0
//
//////////// CLOUDY_VEGAS
//Amb			Amb_Obj	Dir			Sky top			Sky bot		SunCore		SunCorona	SunSz	SprSz	SprBght	Shdw	LightShd	PoleShd	FarClp	FogSt	LightOnGround	LowCloudsRGB	BottomCloudRGB	WaterRGBA			Alpha1	RGB1			Alpha2	RGB2		CloudAlpha		Illumination
//Midnight
64 64 64	229 229 229	255 255 255	17 17 17	15 15 15	255 149 43	255 176 98	3.2 0.3 0.4 200 100 0 653 20 2	0 0 0	0 0 0	58 58 58 255	127 0 0 0	127 0 0 0	0 0 0 0
//5AM
205 205 205	255 255 255	255 255 255	79 79 79	27 27 27	255 177 100	255 177 100	0.1 1.2 0.3 183 90 0 652 21 0.5	0 0 0	0 0 0	73 73 73 254	127 0 0 0	127 0 0 0	0 0 0 0
//6AM
255 255 255	255 255 255	255 255 255	90 90 90	28 28 28	248 255 251	0 0 0	0.1 0.6 0.2 182 109 0 653 23 0.5	0 0 0	0 0 0	104 104 104 255	127 0 0 0	127 0 0 0	0 0 0 0
//7AM
255 255 255	255 255 255	255 255 255	104 104 104	51 51 51	255 209 164	0 0 0	0.1 1 0.3 185 255 255 651 21 0.5	0 0 0	0 0 0	127 127 127 255	127 0 0 0	127 0 0 0	0 0 0 0
//Midday
255 255 255	255 255 255	255 255 255	105 105 105	53 53 53	255 219 209	0 0 0	0.3 1 0.3 182 255 255 650 20 0.5	0 0 0	0 0 0	155 155 155 255	127 0 0 0	127 0 0 0	0 0 0 0
//7PM
255 255 255	255 255 255	255 255 255	90 90 90	28 28 28	0 0 0	255 138 51	0.1 0.5 0.2 186 255 255 656 20 0.8	0 0 0	0 0 0	155 155 155 255	127 0 0 0	127 0 0 0	0 0 0 0
//8PM
204 202 202	255 255 255	255 255 255	85 85 85	28 28 28	0 0 0	255 163 70	8.8 0.6 0.3 181 80 0 651 21 1	0 0 0	0 0 0	155 155 155 255	127 0 0 0	127 0 0 0	0 0 0 0
//10PM
181 181 181	255 255 255	255 255 255	91 91 91	27 27 27	255 128 0	254 196 73	1 0.4 0.2 202 100 0 651 22 1	0 0 0	0 0 0	51 51 51 255	127 0 0 0	127 0 0 0	0 0 0 0
//
//////////// EXTRASUNNY_COUNTRYSIDE
//Amb			Amb_Obj	Dir			Sky top			Sky bot		SunCore		SunCorona	SunSz	SprSz	SprBght	Shdw	LightShd	PoleShd	FarClp	FogSt	LightOnGround	LowCloudsRGB	BottomCloudRGB	WaterRGBA			Alpha1	RGB1			Alpha2	RGB2		CloudAlpha		Illumination
//Midnight
64 64 64	205 205 205	255 255 255	0 0 0	9 9 9	255 149 43	255 176 98	3.2 0.3 0.4 181 100 0 1200 789 2	0 0 0	0 0 0	63 63 63 255	127 0 0 0	127 0 0 0	0 0 0 0
//5AM
231 231 231	255 255 255	255 255 255	104 104 104	77 77 77	255 177 100	255 177 100	0.1 1.2 0.3 181 90 0 1200 785 0.5	0 0 0	0 0 0	17 49 63 255	127 0 0 0	127 0 0 0	0 0 0 0
//6AM
255 255 255	255 255 255	255 255 255	96 96 96	95 95 95	248 255 251	0 0 0	0.1 0.6 0.2 181 109 0 1203 784 0.5	0 0 0	0 0 0	63 87 127 255	127 0 0 0	127 0 0 0	0 0 0 0
//7AM
255 255 255	255 255 255	255 255 255	96 96 96	98 98 98	255 209 164	0 0 0	0.1 1 0.3 181 255 255 1203 780 0.5	0 0 0	0 0 0	42 91 127 255	127 0 0 0	127 0 0 0	0 0 0 0
//Midday
255 255 255	255 255 255	255 255 255	86 86 86	96 96 96	0 0 0	0 0 0	0.2 1 0.3 181 255 255 1201 793 0.5	0 0 0	0 0 0	25 58 76 255	127 0 0 0	127 0 0 0	0 0 0 0
//7PM
255 255 255	255 255 255	255 255 255	96 96 96	98 98 98	0 0 0	255 138 51	0.1 0.5 0.2 180 255 255 1200 798 0.8	0 0 0	0 0 0	49 88 127 255	127 0 0 0	127 0 0 0	0 0 0 0
//8PM
154 154 154	255 255 255	255 255 255	69 83 85	115 128 129	0 0 0	255 163 70	8.8 0.6 0.3 181 80 0 1200 790 1	0 0 0	0 0 0	40 86 127 255	127 0 0 0	127 0 0 0	0 0 0 0
//10PM
89 89 89	255 255 255	255 255 255	91 91 91	39 39 39	255 128 0	254 196 73	1 0.4 0.2 181 100 0 1200 788 1	0 0 0	0 0 0	58 58 58 255	127 0 0 0	127 0 0 0	0 0 0 0
//
//////////// SUNNY_COUNTRYSIDE
//Amb			Amb_Obj	Dir			Sky top			Sky bot		SunCore		SunCorona	SunSz	SprSz	SprBght	Shdw	LightShd	PoleShd	FarClp	FogSt	LightOnGround	LowCloudsRGB	BottomCloudRGB	WaterRGBA			Alpha1	RGB1			Alpha2	RGB2		CloudAlpha		Illumination
//Midnight
64 64 64	205 205 205	255 255 255	0 0 0	9 9 9	255 149 43	255 176 98	3.2 0.3 0.4 181 100 0 1200 789 2	0 0 0	0 0 0	63 63 63 255	127 0 0 0	127 0 0 0	0 0 0 0
//5AM
231 231 231	255 255 255	255 255 255	104 104 104	77 77 77	255 177 100	255 177 100	0.1 1.2 0.3 181 90 0 1200 785 0.5	0 0 0	0 0 0	17 49 63 255	127 0 0 0	127 0 0 0	0 0 0 0
//6AM
255 255 255	255 255 255	255 255 255	96 96 96	95 95 95	248 255 251	0 0 0	0.1 0.6 0.2 181 109 0 1203 784 0.5	0 0 0	0 0 0	63 87 127 255	127 0 0 0	127 0 0 0	0 0 0 0
//7AM
255 255 255	255 255 255	255 255 255	96 96 96	98 98 98	255 209 164	0 0 0	0.1 1 0.3 181 255 255 1203 780 0.5	0 0 0	0 0 0	42 91 127 255	127 0 0 0	127 0 0 0	0 0 0 0
//Midday
255 255 255	255 255 255	255 255 255	86 86 86	96 96 96	0 0 0	0 0 0	0.2 1 0.3 181 255 255 1201 793 0.5	0 0 0	0 0 0	25 58 76 255	127 0 0 0	127 0 0 0	0 0 0 0
//7PM
255 255 255	255 255 255	255 255 255	96 96 96	98 98 98	0 0 0	255 138 51	0.1 0.5 0.2 180 255 255 1200 798 0.8	0 0 0	0 0 0	49 88 127 255	127 0 0 0	127 0 0 0	0 0 0 0
//8PM
154 154 154	255 255 255	255 255 255	69 83 85	115 128 129	0 0 0	255 163 70	8.8 0.6 0.3 181 80 0 1200 790 1	0 0 0	0 0 0	40 86 127 255	127 0 0 0	127 0 0 0	0 0 0 0
//10PM
89 89 89	255 255 255	255 255 255	91 91 91	39 39 39	255 128 0	254 196 73	1 0.4 0.2 181 100 0 1200 788 1	0 0 0	0 0 0	58 58 58 255	127 0 0 0	127 0 0 0	0 0 0 0
//
//////////// CLOUDY_COUNTRYSIDE
//Amb			Amb_Obj	Dir			Sky top			Sky bot		SunCore		SunCorona	SunSz	SprSz	SprBght	Shdw	LightShd	PoleShd	FarClp	FogSt	LightOnGround	LowCloudsRGB	BottomCloudRGB	WaterRGBA			Alpha1	RGB1			Alpha2	RGB2		CloudAlpha		Illumination
//Midnight
64 64 64	229 229 229	255 255 255	17 17 17	15 15 15	255 149 43	255 176 98	3.2 0.3 0.4 200 100 0 653 20 2	0 0 0	0 0 0	58 58 58 255	127 0 0 0	127 0 0 0	0 0 0 0
//5AM
205 205 205	255 255 255	255 255 255	79 79 79	27 27 27	255 177 100	255 177 100	0.1 1.2 0.3 183 90 0 652 21 0.5	0 0 0	0 0 0	73 73 73 254	127 0 0 0	127 0 0 0	0 0 0 0
//6AM
255 255 255	255 255 255	255 255 255	90 90 90	28 28 28	248 255 251	0 0 0	0.1 0.6 0.2 182 109 0 653 23 0.5	0 0 0	0 0 0	104 104 104 255	127 0 0 0	127 0 0 0	0 0 0 0
//7AM
255 255 255	255 255 255	255 255 255	104 104 104	51 51 51	255 209 164	0 0 0	0.1 1 0.3 185 255 255 651 21 0.5	0 0 0	0 0 0	127 127 127 255	127 0 0 0	127 0 0 0	0 0 0 0
//Midday
255 255 255	255 255 255	255 255 255	105 105 105	53 53 53	255 219 209	0 0 0	0.3 1 0.3 182 255 255 650 20 0.5	0 0 0	0 0 0	155 155 155 255	127 0 0 0	127 0 0 0	0 0 0 0
//7PM
255 255 255	255 255 255	255 255 255	90 90 90	28 28 28	0 0 0	255 138 51	0.1 0.5 0.2 186 255 255 656 20 0.8	0 0 0	0 0 0	155 155 155 255	127 0 0 0	127 0 0 0	0 0 0 0
//8PM
204 202 202	255 255 255	255 255 255	85 85 85	28 28 28	0 0 0	255 163 70	8.8 0.6 0.3 181 80 0 651 21 1	0 0 0	0 0 0	155 155 155 255	127 0 0 0	127 0 0 0	0 0 0 0
//10PM
181 181 181	255 255 255	255 255 255	91 91 91	27 27 27	255 128 0	254 196 73	1 0.4 0.2 202 100 0 651 22 1	0 0 0	0 0 0	51 51 51 255	127 0 0 0	127 0 0 0	0 0 0 0
//
//////////// RAINY_COUNTRYSIDE
//Amb			Amb_Obj	Dir			Sky top			Sky bot		SunCore		SunCorona	SunSz	SprSz	SprBght	Shdw	LightShd	PoleShd	FarClp	FogSt	LightOnGround	LowCloudsRGB	BottomCloudRGB	WaterRGBA			Alpha1	RGB1			Alpha2	RGB2		CloudAlpha		Illumination
//Midnight
64 64 64	229 229 229	255 255 255	17 17 17	15 15 15	255 149 43	255 176 98	3.2 0.3 0.4 200 100 0 653 20 2	0 0 0	0 0 0	58 58 58 255	127 0 0 0	127 0 0 0	0 0 0 0
//5AM
205 205 205	255 255 255	255 255 255	79 79 79	27 27 27	255 177 100	255 177 100	0.1 1.2 0.3 183 90 0 652 21 0.5	0 0 0	0 0 0	73 73 73 254	127 0 0 0	127 0 0 0	0 0 0 0
//6AM
255 255 255	255 255 255	255 255 255	90 90 90	28 28 28	248 255 251	0 0 0	0.1 0.6 0.2 182 109 0 653 23 0.5	0 0 0	0 0 0	104 104 104 255	127 0 0 0	127 0 0 0	0 0 0 0
//7AM
255 255 255	255 255 255	255 255 255	104 104 104	51 51 51	255 209 164	0 0 0	0.1 1 0.3 185 255 255 651 21 0.5	0 0 0	0 0 0	127 127 127 255	127 0 0 0	127 0 0 0	0 0 0 0
//Midday
255 255 255	255 255 255	255 255 255	105 105 105	53 53 53	255 219 209	0 0 0	0.3 1 0.3 182 255 255 650 20 0.5	0 0 0	0 0 0	155 155 155 255	127 0 0 0	127 0 0 0	0 0 0 0
//7PM
255 255 255	255 255 255	255 255 255	90 90 90	28 28 28	0 0 0	255 138 51	0.1 0.5 0.2 186 255 255 656 20 0.8	0 0 0	0 0 0	155 155 155 255	127 0 0 0	127 0 0 0	0 0 0 0
//8PM
204 202 202	255 255 255	255 255 255	85 85 85	28 28 28	0 0 0	255 163 70	8.8 0.6 0.3 181 80 0 651 21 1	0 0 0	0 0 0	155 155 155 255	127 0 0 0	127 0 0 0	0 0 0 0
//10PM
181 181 181	255 255 255	255 255 255	91 91 91	27 27 27	255 128 0	254 196 73	1 0.4 0.2 202 100 0 651 22 1	0 0 0	0 0 0	51 51 51 255	127 0 0 0	127 0 0 0	0 0 0 0
//
//////////// EXTRASUNNY_DESERT
//Amb			Amb_Obj	Dir			Sky top			Sky bot		SunCore		SunCorona	SunSz	SprSz	SprBght	Shdw	LightShd	PoleShd	FarClp	FogSt	LightOnGround	LowCloudsRGB	BottomCloudRGB	WaterRGBA			Alpha1	RGB1			Alpha2	RGB2		CloudAlpha		Illumination
//Midnight
64 64 64	205 205 205	255 255 255	0 0 0	9 9 9	255 149 43	255 176 98	3.2 0.3 0.4 181 100 0 1200 789 2	0 0 0	0 0 0	63 63 63 255	127 0 0 0	127 0 0 0	0 0 0 0
//5AM
231 231 231	255 255 255	255 255 255	104 104 104	77 77 77	255 177 100	255 177 100	0.1 1.2 0.3 181 90 0 1200 785 0.5	0 0 0	0 0 0	17 49 63 255	127 0 0 0	127 0 0 0	0 0 0 0
//6AM
255 255 255	255 255 255	255 255 255	96 96 96	95 95 95	248 255 251	0 0 0	0.1 0.6 0.2 181 109 0 1203 784 0.5	0 0 0	0 0 0	63 87 127 255	127 0 0 0	127 0 0 0	0 0 0 0
//7AM
255 255 255	255 255 255	255 255 255	96 96 96	98 98 98	255 209 164	0 0 0	0.1 1 0.3 181 255 255 1203 780 0.5	0 0 0	0 0 0	42 91 127 255	127 0 0 0	127 0 0 0	0 0 0 0
//Midday
255 255 255	255 255 255	255 255 255	86 86 86	96 96 96	0 0 0	0 0 0	0.2 1 0.3 181 255 255 1201 793 0.5	0 0 0	0 0 0	25 58 76 255	127 0 0 0	127 0 0 0	0 0 0 0
//7PM
255 255 255	255 255 255	255 255 255	96 96 96	98 98 98	0 0 0	255 138 51	0.1 0.5 0.2 180 255 255 1200 798 0.8	0 0 0	0 0 0	49 88 127 255	127 0 0 0	127 0 0 0	0 0 0 0
//8PM
154 154 154	255 255 255	255 255 255	69 83 85	115 128 129	0 0 0	255 163 70	8.8 0.6 0.3 181 80 0 1200 790 1	0 0 0	0 0 0	40 86 127 255	127 0 0 0	127 0 0 0	0 0 0 0
//10PM
89 89 89	255 255 255	255 255 255	91 91 91	39 39 39	255 128 0	254 196 73	1 0.4 0.2 181 100 0 1200 788 1	0 0 0	0 0 0	58 58 58 255	127 0 0 0	127 0 0 0	0 0 0 0
//
//////////// SUNNY_DESERT
//Amb			Amb_Obj	Dir			Sky top			Sky bot		SunCore		SunCorona	SunSz	SprSz	SprBght	Shdw	LightShd	PoleShd	FarClp	FogSt	LightOnGround	LowCloudsRGB	BottomCloudRGB	WaterRGBA			Alpha1	RGB1			Alpha2	RGB2		CloudAlpha		Illumination
//Midnight
64 64 64	205 205 205	255 255 255	0 0 0	9 9 9	255 149 43	255 176 98	3.2 0.3 0.4 181 100 0 1200 789 2	0 0 0	0 0 0	63 63 63 255	127 0 0 0	127 0 0 0	0 0 0 0
//5AM
231 231 231	255 255 255	255 255 255	104 104 104	77 77 77	255 177 100	255 177 100	0.1 1.2 0.3 181 90 0 1200 785 0.5	0 0 0	0 0 0	17 49 63 255	127 0 0 0	127 0 0 0	0 0 0 0
//6AM
255 255 255	255 255 255	255 255 255	96 96 96	95 95 95	248 255 251	0 0 0	0.1 0.6 0.2 181 109 0 1203 784 0.5	0 0 0	0 0 0	63 87 127 255	127 0 0 0	127 0 0 0	0 0 0 0
//7AM
255 255 255	255 255 255	255 255 255	96 96 96	98 98 98	255 209 164	0 0 0	0.1 1 0.3 181 255 255 1203 780 0.5	0 0 0	0 0 0	42 91 127 255	127 0 0 0	127 0 0 0	0 0 0 0
//Midday
255 255 255	255 255 255	255 255 255	86 86 86	96 96 96	0 0 0	0 0 0	0.2 1 0.3 181 255 255 1201 793 0.5	0 0 0	0 0 0	25 58 76 255	127 0 0 0	127 0 0 0	0 0 0 0
//7PM
255 255 255	255 255 255	255 255 255	96 96 96	98 98 98	0 0 0	255 138 51	0.1 0.5 0.2 180 255 255 1200 798 0.8	0 0 0	0 0 0	49 88 127 255	127 0 0 0	127 0 0 0	0 0 0 0
//8PM
154 154 154	255 255 255	255 255 255	69 83 85	115 128 129	0 0 0	255 163 70	8.8 0.6 0.3 181 80 0 1200 790 1	0 0 0	0 0 0	40 86 127 255	127 0 0 0	127 0 0 0	0 0 0 0
//10PM
89 89 89	255 255 255	255 255 255	91 91 91	39 39 39	255 128 0	254 196 73	1 0.4 0.2 181 100 0 1200 788 1	0 0 0	0 0 0	58 58 58 255	127 0 0 0	127 0 0 0	0 0 0 0
//
//////////// SANDSTORM_DESERT
//Amb			Amb_Obj	Dir			Sky top			Sky bot		SunCore		SunCorona	SunSz	SprSz	SprBght	Shdw	LightShd	PoleShd	FarClp	FogSt	LightOnGround	LowCloudsRGB	BottomCloudRGB	WaterRGBA			Alpha1	RGB1			Alpha2	RGB2		CloudAlpha		Illumination
//Midnight
64 64 64	205 205 205	255 255 255	0 0 0	9 9 9	255 149 43	255 176 98	3.2 0.3 0.4 181 100 0 1200 789 2	0 0 0	0 0 0	63 63 63 255	127 0 0 0	127 0 0 0	0 0 0 0
//5AM
231 231 231	255 255 255	255 255 255	104 104 104	77 77 77	255 177 100	255 177 100	0.1 1.2 0.3 181 90 0 1200 785 0.5	0 0 0	0 0 0	17 49 63 255	127 0 0 0	127 0 0 0	0 0 0 0
//6AM
255 255 255	255 255 255	255 255 255	96 96 96	95 95 95	248 255 251	0 0 0	0.1 0.6 0.2 181 109 0 1203 784 0.5	0 0 0	0 0 0	63 87 127 255	127 0 0 0	127 0 0 0	0 0 0 0
//7AM
255 255 255	255 255 255	255 255 255	96 96 96	98 98 98	255 209 164	0 0 0	0.1 1 0.3 181 255 255 1203 780 0.5	0 0 0	0 0 0	42 91 127 255	127 0 0 0	127 0 0 0	0 0 0 0
//Midday
255 255 255	255 255 255	255 255 255	86 86 86	96 96 96	0 0 0	0 0 0	0.2 1 0.3 181 255 255 1201 793 0.5	0 0 0	0 0 0	25 58 76 255	127 0 0 0	127 0 0 0	0 0 0 0
//7PM
255 255 255	255 255 255	255 255 255	96 96 96	98 98 98	0 0 0	255 138 51	0.1 0.5 0.2 180 255 255 1200 798 0.8	0 0 0	0 0 0	49 88 127 255	127 0 0 0	127 0 0 0	0 0 0 0
//8PM
154 154 154	255 255 255	255 255 255	69 83 85	115 128 129	0 0 0	255 163 70	8.8 0.6 0.3 181 80 0 1200 790 1	0 0 0	0 0 0	40 86 127 255	127 0 0 0	127 0 0 0	0 0 0 0
//10PM
89 89 89	255 255 255	255 255 255	91 91 91	39 39 39	255 128 0	254 196 73	1 0.4 0.2 181 100 0 1200 788 1	0 0 0	0 0 0	58 58 58 255	127 0 0 0	127 0 0 0	0 0 0 0
//
//////////// UNDERWATER
//Amb			Amb_Obj	Dir			Sky top			Sky bot		SunCore		SunCorona	SunSz	SprSz	SprBght	Shdw	LightShd	PoleShd	FarClp	FogSt	LightOnGround	LowCloudsRGB	BottomCloudRGB	WaterRGBA			Alpha1	RGB1			Alpha2	RGB2		CloudAlpha		Illumination
//Midnight
78 78 78	178 178 178	255 255 255	0 0 0	0 0 0	255 149 43	255 176 98	3.2 0.3 0.4 0 100 0 1200 790 2	0 0 0	0 0 0	0 0 0 0	127 0 0 0	127 0 0 0	0 0 0 0
//5AM
153 153 153	255 255 255	255 255 255	0 0 0	0 0 0	255 177 100	255 177 100	0.1 1.2 0.3 150 90 0 1200 780 0.5	0 0 0	0 0 0	0 0 0 0	127 0 0 0	127 0 0 0	0 0 0 0
//6AM
255 255 255	255 255 255	255 255 255	65 80 96	5 5 5	248 255 251	0 0 0	0.1 0.6 0.2 140 109 0 1200 780 0.5	0 0 0	0 0 0	0 0 0 0	127 0 0 0	127 0 0 0	0 0 0 0
//7AM
255 255 255	255 255 255	255 255 255	104 104 104	12 13 13	255 209 164	0 0 0	0.1 1 0.3 255 255 255 1200 788 0.5	0 0 0	0 0 0	56 141 255 0	127 0 0 0	127 0 0 0	0 0 0 0
//Midday
255 255 255	255 255 255	255 255 255	125 152 180	71 92 103	255 219 209	0 0 0	0.3 1 0.3 255 255 255 1200 790 0.5	0 0 0	0 0 0	0 0 0 255	127 0 0 0	127 0 0 0	0 0 0 0
//7PM
255 255 255	255 255 255	255 255 255	71 86 90	15 15 15	0 0 0	255 138 51	0.1 0.5 0.2 255 255 255 1200 790 0.8	0 0 0	0 0 0	0 0 0 0	127 0 0 0	127 0 0 0	0 0 0 0
//8PM
180 180 180	255 255 255	255 255 255	55 83 85	14 13 11	0 0 0	255 163 70	8.8 0.6 0.3 100 80 0 1200 794 1	0 0 0	0 0 0	0 0 0 0	127 0 0 0	127 0 0 0	0 0 0 0
//10PM
153 153 153	255 255 255	255 255 255	91 91 91	2 2 2	255 128 0	254 196 73	1 0.4 0.2 160 100 0 1200 792 1	0 0 0	0 0 0	0 0 0 0	127 0 0 0	127 0 0 0	0 0 0 0
//
//////////// EXTRACOLOURS_1
//Amb			Amb_Obj	Dir			Sky top			Sky bot		SunCore		SunCorona	SunSz	SprSz	SprBght	Shdw	LightShd	PoleShd	FarClp	FogSt	LightOnGround	LowCloudsRGB	BottomCloudRGB	WaterRGBA			Alpha1	RGB1			Alpha2	RGB2		CloudAlpha		Illumination
//Midnight
78 78 78	178 178 178	255 255 255	0 0 0	4 4 4	255 149 43	255 176 98	3.2 0.3 0.4 0 100 0 1200 790 2	0 0 0	0 0 0	63 63 63 255	127 0 0 0	127 0 0 0	0 0 0 0
//5AM
129 129 129	255 255 255	255 255 255	58 85 102	72 97 103	255 177 100	255 177 100	0.1 1.2 0.3 150 90 0 1200 780 0.5	0 0 0	0 0 0	17 49 63 255	127 0 0 0	127 0 0 0	0 0 0 0
//6AM
255 255 255	255 255 255	255 255 255	65 88 96	102 146 153	248 255 251	0 0 0	0.1 0.6 0.2 140 109 0 1200 780 0.5	0 0 0	0 0 0	63 87 127 255	127 0 0 0	127 0 0 0	0 0 0 0
//7AM
255 255 255	255 255 255	255 255 255	104 104 104	106 137 153	255 209 164	0 0 0	0.1 1 0.3 255 255 255 1200 788 0.5	0 0 0	0 0 0	42 91 127 255	127 0 0 0	127 0 0 0	0 0 0 0
//Midday
255 255 255	255 255 255	255 255 255	125 152 180	123 140 153	255 219 209	0 0 0	0.3 1 0.3 255 255 255 1200 790 0.5	0 0 0	0 0 0	25 58 76 255	127 0 0 0	127 0 0 0	0 0 0 0
//7PM
255 255 255	255 255 255	255 255 255	71 86 90	89 113 129	0 0 0	255 138 51	0.1 0.5 0.2 255 255 255 1200 790 0.8	0 0 0	0 0 0	49 88 127 255	127 0 0 0	127 0 0 0	0 0 0 0
//8PM
180 180 180	255 255 255	255 255 255	55 83 85	89 119 129	0 0 0	255 163 70	8.8 0.6 0.3 100 80 0 1200 794 1	0 0 0	0 0 0	40 86 127 255	127 0 0 0	127 0 0 0	0 0 0 0
//10PM
153 153 153	255 255 255	255 255 255	91 91 91	39 39 39	255 128 0	254 196 73	1 0.4 0.2 160 100 0 1200 792 1	0 0 0	0 0 0	58 58 58 255	127 0 0 0	127 0 0 0	0 0 0 0
//
//////////// EXTRACOLOURS_2
//Amb			Amb_Obj	Dir			Sky top			Sky bot		SunCore		SunCorona	SunSz	SprSz	SprBght	Shdw	LightShd	PoleShd	FarClp	FogSt	LightOnGround	LowCloudsRGB	BottomCloudRGB	WaterRGBA			Alpha1	RGB1			Alpha2	RGB2		CloudAlpha		Illumination
//Midnight
78 78 78	178 178 178	255 255 255	0 0 0	4 4 4	255 149 43	255 176 98	3.2 0.3 0.4 0 100 0 1200 790 2	0 0 0	0 0 0	63 63 63 255	127 0 0 0	127 0 0 0	0 0 0 0
//5AM
129 129 129	255 255 255	255 255 255	58 85 102	72 97 103	255 177 100	255 177 100	0.1 1.2 0.3 150 90 0 1200 780 0.5	0 0 0	0 0 0	17 49 63 255	127 0 0 0	127 0 0 0	0 0 0 0
//6AM
255 255 255	255 255 255	255 255 255	65 88 96	102 146 153	248 255 251	0 0 0	0.1 0.6 0.2 140 109 0 1200 780 0.5	0 0 0	0 0 0	63 87 127 255	127 0 0 0	127 0 0 0	0 0 0 0
//7AM
255 255 255	255 255 255	255 255 255	104 104 104	106 137 153	255 209 164	0 0 0	0.1 1 0.3 255 255 255 1200 788 0.5	0 0 0	0 0 0	42 91 127 255	127 0 0 0	127 0 0 0	0 0 0 0
//Midday
255 255 255	255 255 255	255 255 255	125 152 180	123 140 153	255 219 209	0 0 0	0.3 1 0.3 255 255 255 1200 790 0.5	0 0 0	0 0 0	25 58 76 255	127 0 0 0	127 0 0 0	0 0 0 0
//7PM
255 255 255	255 255 255	255 255 255	71 86 90	89 113 129	0 0 0	255 138 51	0.1 0.5 0.2 255 255 255 1200 790 0.8	0 0 0	0 0 0	49 88 127 255	127 0 0 0	127 0 0 0	0 0 0 0
//8PM
180 180 180	255 255 255	255 255 255	55 83 85	89 119 129	0 0 0	255 163 70	8.8 0.6 0.3 100 80 0 1200 794 1	0 0 0	0 0 0	40 86 127 255	127 0 0 0	127 0 0 0	0 0 0 0
//10PM
153 153 153	255 255 255	255 255 255	91 91 91	39 39 39	255 128 0	254 196 73	1 0.4 0.2 160 100 0 1200 792 1	0 0 0	0 0 0	58 58 58 255	127 0 0 0	127 0 0 0	0 0 0 0
//
